-0.356391 -0.130673 -0.460006
-0.641818 -0.207906 -0.420411
-0.662933 -0.262289 -0.582487
-0.627563 -0.341887 -0.526962
-0.359317 -0.199396 -0.319386
1.462116 0.731862 1.295269
0.416311 0.233095 0.406827
-0.178787 -0.053503 -0.047099
0.296840 0.300180 0.270412
-1.366676 -0.688326 -1.190982
0.313517 0.152679 0.240559
0.095587 0.007349 -0.083065
0.410929 0.273219 0.439195
-0.342909 -0.201632 -0.391173
-0.280352 -0.172560 -0.213290
0.985432 0.501498 0.797965
-0.113200 0.020283 -0.141781
-0.912767 -0.494392 -0.835768
-0.077854 0.053613 -0.044696
0.281842 0.084465 0.222449
0.456862 0.246841 0.349907
-0.939642 -0.483165 -0.741998
2.141207 1.088055 1.883201
-0.245500 -0.136765 -0.141671
-0.403335 -0.158660 -0.298931
-0.380165 -0.291568 -0.371467
0.037646 0.019305 0.081635
-0.079703 -0.056730 -0.084932
-0.988406 -0.460484 -0.712503
-0.527195 -0.222082 -0.427269
-0.447292 -0.169563 -0.345154
0.441670 0.185831 0.394421
0.021187 0.014916 0.007152
-0.459538 -0.305550 -0.412545
0.415640 0.299476 0.368205
1.222677 0.573281 1.045984
0.046899 0.004236 0.119609
-0.135490 -0.096198 -0.111641
-0.733175 -0.384913 -0.638036
-0.310293 -0.189855 -0.268032
0.453054 0.296380 0.378962
0.741827 0.352712 0.613002
0.096029 0.131345 0.254433
-0.879648 -0.478443 -0.778824
0.535826 0.280893 0.516560
0.365160 0.140626 0.260149
-0.836279 -0.428080 -0.664227
1.123822 0.553605 1.072487
-0.033055 -0.064329 -0.123776
0.142465 0.021088 0.090197
0.104141 0.134080 0.052488
-0.293091 -0.244326 -0.207993
0.384514 0.194748 0.309314
-0.879751 -0.408598 -0.814400
-0.775040 -0.364792 -0.638053
-0.753450 -0.420342 -0.680468
0.998041 0.464527 0.906010
-0.029614 0.013848 0.077757
0.648092 0.370119 0.505640
0.302049 0.217015 0.418711
-0.388903 -0.242792 -0.386004
1.399963 0.720074 1.143422
-0.118910 -0.011666 -0.058145
-1.043430 -0.520307 -0.881056
0.044523 0.068591 -0.047777
0.352770 0.139443 0.265651
-0.339437 -0.071623 -0.362680
0.302163 0.144605 0.206725
-0.398130 -0.173055 -0.308021
-0.787920 -0.376998 -0.752308
0.237494 0.188569 0.349169
0.024855 0.093216 -0.000186
-0.462029 -0.135505 -0.373424
-0.247136 -0.102701 -0.189622
-0.469926 -0.248426 -0.585408
0.247411 0.077993 0.144348
0.798703 0.406786 0.766326
0.721577 0.401419 0.666767
-0.951787 -0.467834 -0.844782
0.612497 0.266074 0.409551
0.021883 -0.019655 0.080894
0.032489 0.002263 -0.021550
-0.058788 -0.059663 -0.009377
0.243610 0.180175 0.070607
-1.720922 -0.884223 -1.477825
0.060737 0.092383 0.001865
-0.103617 0.018676 0.013181
0.629514 0.427371 0.540053
-1.322635 -0.598399 -1.108559
-0.347897 -0.138821 -0.312332
-0.459409 -0.221717 -0.403193
0.169887 0.128404 0.241400
0.068419 -0.038479 0.028697
-0.552894 -0.248400 -0.425089
-0.291459 -0.164136 -0.233791
-0.872410 -0.411763 -0.788358
0.657647 0.315618 0.581832
0.556360 0.287327 0.491534
1.711782 0.794455 1.380932
0.992215 0.491978 0.816396
