-0.797436 -1.207132
0.110373 0.182924
0.428658 0.562607
0.476844 0.621725
-0.574094 -0.706589
0.644312 1.031915
0.564053 0.773699
0.215359 0.354723
0.080286 0.125248
-1.140449 -1.845051
0.171726 0.252244
-0.553065 -0.898008
-0.367386 -0.643157
0.511759 0.625749
-0.351276 -0.687219
0.739187 1.194653
0.457330 0.506040
-0.384962 -0.456769
-0.769297 -0.953940
-0.137468 -0.240400
-1.257844 -1.792100
0.105831 0.135449
-0.487198 -0.663813
0.034329 -0.005415
-0.755748 -1.128678
0.318817 0.335261
-0.111379 -0.220587
0.261117 0.506733
-0.022591 -0.122521
-0.381240 -0.572955
-0.106811 -0.125463
-0.741330 -1.142915
0.116179 0.220331
-0.965065 -1.401605
-0.233696 -0.453371
-0.062258 0.006710
0.248712 0.422646
-0.418597 -0.635402
0.899903 1.223964
1.104031 1.600515
0.267970 0.243306
-0.488180 -0.826267
0.937002 1.341609
0.549151 0.729488
0.755740 1.229896
0.018614 0.160311
0.700120 0.994217
0.277783 0.434377
0.260726 0.337951
0.078287 0.017132
-0.190282 -0.365922
0.646712 0.838380
-0.632804 -0.971545
0.385878 0.546733
-0.559711 -0.698011
0.030640 0.172413
-0.218330 -0.381949
-0.845185 -1.175971
-0.262222 -0.404883
0.899232 1.372432
-0.701408 -0.953619
1.163813 1.699482
-0.963610 -1.400804
0.681724 1.131402
-0.355563 -0.481148
1.357979 2.129370
0.237644 0.360684
-0.346752 -0.527920
-0.986754 -1.379842
1.085885 1.596667
0.234903 0.210792
-0.315514 -0.507981
-0.147313 -0.234168
-1.249297 -1.789114
0.191672 0.192988
0.195288 0.308194
0.830251 1.035067
-0.441645 -0.617190
-0.217700 -0.166753
1.054718 1.493977
-0.777254 -1.114517
1.240128 1.876642
-0.451770 -0.710228
-0.178410 -0.102870
-0.260281 -0.369583
-0.748907 -1.105489
-0.053913 -0.147707
-0.226684 -0.413195
0.398127 0.522394
0.243994 0.346094
0.087553 -0.005681
-0.856124 -1.372814
0.104389 0.156671
0.893004 1.413132
-0.125432 -0.348068
0.176168 0.285301
-0.597644 -0.840060
0.379392 0.447086
0.120940 0.202010
-0.262091 -0.458435
