-0.059043 1.700930 1.298685
-0.050339 1.778385 0.711271
-0.052735 -0.334399 0.707223
0.040398 1.340451 -0.850500
0.022573 0.661435 0.387409
-0.074725 -0.005164 0.277006
-0.098879 2.635827 0.307653
-0.034788 1.699230 -0.133794
0.032573 -3.172918 0.821742
0.038513 -0.390424 0.394021
0.017946 0.962822 -0.659500
0.057683 -0.591740 -0.433461
-0.039339 -0.019839 0.172310
0.038708 0.581818 -1.217298
0.058056 -1.482646 -0.058594
-0.053760 0.427220 -1.190684
0.076765 -0.081865 -0.521195
0.020489 -2.210510 -1.250723
0.016636 0.624775 0.824959
0.013717 -0.912275 0.102323
-0.111244 -0.583050 0.062621
-0.027961 0.868840 0.930970
0.038815 -0.423350 -1.258765
-0.059782 -0.282692 -0.204691
-0.000499 -0.323759 0.109078
-0.031607 -0.905271 0.883740
0.088993 -0.513815 -0.556276
0.025572 -0.152524 -0.116675
0.020620 0.475510 0.009083
0.031387 -0.751797 0.441989
-0.041367 0.432601 -0.078149
-0.092950 2.147881 0.985745
-0.000639 -0.385753 1.592803
0.026746 0.955434 -0.058920
0.040797 0.569178 -0.780584
-0.102204 -1.383078 1.477799
0.045176 0.429980 -0.801446
0.086928 0.766994 -0.051453
-0.010774 -0.023119 0.014190
0.020333 -0.558803 -0.287242
-0.013803 1.165699 -0.065460
-0.012058 0.410954 0.685652
-0.009360 0.042032 0.951058
-0.040274 1.619568 1.051364
-0.032439 -0.307240 0.002314
-0.056317 1.086932 0.213919
-0.027503 -2.040047 1.673964
-0.005677 0.083718 0.656050
-0.088760 0.272622 0.693298
0.026553 1.077146 -0.355897
-0.023857 1.819187 -0.580733
0.022501 -1.132182 -0.027805
0.042046 1.629724 -2.094465
0.064457 -1.404714 -0.985759
0.041721 -0.205834 -0.340594
-0.064749 -0.792566 -0.013044
-0.022529 0.774214 -0.753722
0.047110 -1.236342 -1.618314
-0.048407 -0.016880 2.517694
0.112276 0.218920 -1.088471
-0.035056 0.878860 1.129684
0.033695 1.964007 -1.643806
-0.001438 -0.336465 -0.023149
-0.015440 -0.072094 -0.744213
-0.009858 0.180332 1.795683
0.033639 -0.541513 -0.563406
0.037539 -0.220834 -1.266313
-0.043895 -1.056892 -0.267952
-0.006237 1.554422 -1.042792
0.014350 -0.215693 -0.863956
-0.010475 -0.823670 -0.957188
-0.081632 1.313564 0.967690
-0.025067 0.274433 1.394016
0.053354 -0.114857 -1.419493
-0.038156 1.192095 0.238279
-0.017942 -0.399034 1.495291
-0.148655 0.734546 0.963020
-0.061770 0.042907 -0.016390
0.038818 0.777240 -0.595119
0.002286 0.511948 0.777364
0.006280 -0.289108 1.184445
0.046380 0.858462 -0.903994
-0.037425 1.346896 0.731544
0.034876 -0.090164 -1.908618
-0.114641 1.978495 -0.015345
0.091205 -0.594503 -1.683499
-0.054225 0.355341 -0.839028
0.020935 -1.209288 0.075123
-0.038653 0.566042 -0.323481
-0.013135 0.183942 0.149894
-0.034264 1.750078 0.426397
0.012942 -1.825442 -0.268403
-0.074482 0.064000 -0.458657
-0.033640 -0.567372 1.027436
0.050116 -0.733560 0.006278
0.014016 -0.588699 0.547601
-0.050462 -0.521763 0.386550
-0.126734 0.231118 1.384002
0.197930 -1.116699 0.346940
-0.067538 0.275337 0.264464
